+2.8022 +0.2834 +8.7508
+2.8361 +1.2889 +6.6417
+1.1864 -1.7035 -1.1111
+2.8576 -2.9626 -0.4593
-1.4821 -0.3913 +2.2385
+1.6763 -1.8139 -1.8429
+2.1780 +2.9004 -3.2299
-2.0169 +0.5840 +5.1070
-2.9461 -0.6806 +7.5094
-2.7350 +2.7399 -1.3324
-0.3831 +2.6939 -8.5214
+1.7178 +2.1977 -2.8540
-1.9610 -2.5503 -1.6867
+0.6045 -1.9922 -3.1790
+1.4003 -0.5493 +0.3076
+0.1675 +2.6254 -5.4534
+0.1302 -2.3508 -5.8747
-2.0507 +0.2712 +4.7527
+0.1464 +0.8257 -1.0174
-0.5910 +0.8988 -1.5168
-0.6186 +0.7435 -0.0404
+1.6044 -1.9262 -1.5436
-0.7465 +0.0152 +0.7829
+1.1200 -1.4779 -0.8948
+0.3284 +0.7496 -1.6536
+2.3730 -0.8229 +5.3880
+0.8253 -1.8513 -3.1969
-0.0132 -1.9053 -3.1532
+2.5103 -0.4091 +7.0150
+1.9811 -0.4993 +4.1343
+2.4280 -0.5710 +6.4738
-1.0130 +0.4328 +2.5337
+2.0727 +2.1661 -0.7204
+0.5741 -2.4920 -6.5377
+0.5836 -1.5273 -3.0500
+1.3956 +2.3679 -2.6516
+0.0884 +0.6214 -1.2789
-2.6096 +0.2404 +7.3792
-2.2249 +0.6874 +5.8976
-0.8181 +1.6065 -2.7871
-2.7088 -2.3411 +3.2921
+1.1041 +0.0879 +0.1952
+0.4298 +2.0622 -3.3435
-0.0736 +1.8609 -3.4442
+0.0615 +2.5603 -8.0934
+1.0016 -2.1076 -3.5099
-0.8127 +2.1946 -2.6350
-0.8983 -1.8658 -2.8747
-0.1643 -0.6433 -1.6197
+0.7136 -0.3794 +1.2971
-1.4345 -0.5252 +2.7211
-0.4858 +2.4145 -6.7214
+2.8777 +0.7414 +7.8424
-2.5009 +1.3980 +2.9768
+1.0721 +1.9561 -4.1430
-0.9153 -2.6467 -5.4750
+0.6709 -2.2559 -3.9130
+1.5572 +1.7665 +0.8471
-0.5482 +2.6628 -6.0412
-1.9573 +2.6555 -3.4363
-0.2071 +1.5780 -1.3446
+1.5169 +2.8873 -6.9219
+2.8397 -2.7595 +0.0170
-2.9042 +0.2597 +8.4757
-2.7967 +0.9449 +6.4585
+0.2094 +0.9994 -1.1405
-0.3520 -1.3652 -2.5871
+2.6980 +1.3696 +6.3240
-2.9621 -2.4040 +4.4605
+0.7902 -1.2718 +0.1294
-0.5543 +1.6892 -0.6555
-0.8751 +2.5549 -4.7809
+1.3227 +0.3116 +2.4808
-1.9142 -0.5425 +2.0544
+1.5773 +2.9448 -6.0070
-2.5581 -2.1915 +0.2842
+1.4403 +2.0027 -0.8474
-2.4674 +1.9765 +2.3967
+1.7204 +1.1293 +1.5704
-0.9604 -0.3328 +0.3981
-0.8020 +2.0428 -4.2084
-1.0301 -1.0646 -0.1757
+2.6117 +2.5199 +0.1550
+2.8120 +1.8453 +4.8466
-2.4785 -2.4545 -1.1726
+0.3425 +2.1371 -4.8966
+2.3052 +0.8211 +6.1297
+2.7348 -2.0887 +1.1347
-1.6705 -1.0050 +1.3141
-1.4592 -1.1268 -0.4190
-2.2893 -0.7480 +5.0492
-2.8214 +0.2267 +8.6415
+2.6750 -0.3292 +6.6541
+0.7449 +0.6709 -0.6317
+2.6003 +1.4071 +4.5068
+1.9489 -0.9849 +3.7339
+2.4448 -1.8887 +1.6237
-0.5521 +1.4247 -2.0206
-0.9993 +2.3168 -3.3010
+2.1639 -2.0093 -0.4265
-1.6155 -2.6854 -5.9248
+2.1523 -0.9647 +4.3953
-0.6405 -1.3778 -0.2032
-2.2606 -0.2584 +5.7872
-1.5917 +0.3789 +4.7117
-1.7834 +0.0683 +2.1435
+2.6900 -0.7690 +6.0306
+2.7253 -2.6568 +0.7643
+0.2928 +0.5988 -2.5633
+2.7705 +2.5511 +0.6664
+0.0654 +1.5569 -0.3759
+2.8554 +1.4190 +7.3902
+2.7237 +2.6334 -0.5684
-0.1094 +0.9594 +1.2705
-1.9209 -0.3779 +5.0551
+2.1967 +0.4634 +4.8829
-1.3233 -2.2633 -3.9145
-1.6089 -2.2500 -1.7530
-1.5973 -0.6985 +3.5069
-2.7426 +2.0323 +3.5121
-0.5771 +0.4042 -0.6245
+0.8168 -2.2029 -3.6313
-2.5038 -2.0608 +2.4577
+2.9173 -2.3729 +1.3852
-0.4641 +2.2504 -6.2278
+0.5057 -2.8948 -9.1269
+2.3322 -0.6951 +5.7102
-1.9936 -0.9769 +1.8387
+0.5649 -2.7735 -7.6197
+0.8599 +0.6606 +0.5536
-1.6272 -0.4439 +1.4336
-1.8389 -2.8720 -5.9074
+0.5035 -0.3279 -0.7406
+2.0523 -1.8057 +0.6351
-0.3564 +1.0047 -1.8857
-2.5900 -0.8680 +7.7384
+1.1162 -1.5296 -0.6276
-0.8161 +0.4642 +1.4621
-0.5434 +2.2607 -5.8731
+2.1593 +2.0039 -0.4032
-0.4424 -1.8592 -4.5301
+0.8332 -0.4311 -0.4885
+0.0348 +0.9063 -0.2185
+2.6396 +1.8495 +4.6537
-2.2607 +2.4448 +0.1967
+1.0624 -1.0834 +0.7852
+1.3800 -0.1502 -0.2595
+0.3662 +0.4309 -0.5260
-2.0911 -0.8281 +4.0271
-0.3856 -2.6536 -6.1951
+1.3424 -1.0392 +0.4992
-0.1389 +2.6883 -6.8884
+2.2078 -1.3614 +2.8856
-0.5984 +0.4274 -0.0634
-2.2831 +1.7771 +2.5603
-1.0575 -2.3062 -5.0592
+1.2432 +0.0894 +0.8920
-2.8374 +0.3767 +8.1995
+1.5853 -2.8137 -5.1657
+0.9455 -1.4991 -1.3211
-0.3883 -2.5670 -5.6390
+0.1934 +2.6330 -7.4541
-1.1711 -2.6188 -5.2628
+2.0894 +2.6856 -1.7548
-0.0536 +2.4511 -6.7310
+2.4518 +1.4071 +3.6349
+1.9880 -2.0280 +1.1021
+2.0732 -0.5061 +3.6958
-1.2799 +0.3712 +2.1502
+2.1450 -0.4010 +3.5778
-2.5334 -1.2763 +4.1017
-1.2881 +1.1823 -0.9967
+2.7304 +0.3009 +5.9996
-1.4783 +1.2188 +1.8135
-2.1136 -2.6302 -2.5746
+0.8940 -0.7455 -0.4434
-0.2952 -2.5561 -5.5389
-0.1219 +0.6369 -0.1996
+2.8951 -2.8712 +0.5529
+0.1005 -0.0794 +0.1012
+0.7508 +2.1190 -3.1547
-0.0118 +0.4355 -1.6136
+0.0153 +1.7787 -4.6507
+2.4416 -1.0640 +4.3928
+1.3464 +0.9285 +1.0408
-0.7603 +1.8210 -2.7270
+1.1703 -0.0488 +0.6754
+0.4315 +2.6936 -6.6216
+0.8410 +0.8093 +0.3294
-0.7162 +1.6914 -2.4600
+2.2343 -1.1431 +3.5377
-1.0415 +1.0392 +1.2301
-1.2669 -2.5097 -4.9766
-1.2714 +1.1825 -1.0600
+0.0160 +0.4804 -1.3470
+0.7574 +0.2106 +1.4955
+2.7678 +1.8640 +3.9073
+2.7803 +1.1601 +6.6360
+1.8103 +1.5083 +1.3638
+2.6466 -0.9573 +6.0582
-1.0535 -2.9285 -8.2170
-2.5932 +2.7700 -1.0780
-0.1504 -2.2702 -4.4989
-2.3527 +0.1056 +4.5961
+0.9090 +2.0047 -3.1819
+0.4287 -0.9966 -0.7663
+1.2048 -1.8738 -3.3093
-1.0033 -2.2744 -4.4871
+1.0841 +0.2379 +1.4917
-0.3632 -1.6184 -2.4495
+2.0622 -0.6212 +3.0216
+2.4738 -1.3692 +5.5134
+0.8235 +1.4249 -1.9653
-1.9844 -1.9075 +1.1034
+1.5879 -2.4635 -3.0154
-0.1299 -2.5031 -6.2087
+2.7825 +2.0112 +5.0613
-1.6058 +2.0605 +0.7747
+1.4851 -2.3493 -2.3536
-1.3986 +0.8511 +1.7647
+1.2429 -0.9383 +0.9375
-2.2261 -0.0308 +5.0748
+1.5840 +0.1267 +1.1071
-1.8336 -1.1740 +2.8059
+1.5443 -0.2358 +1.5412
+1.5915 -1.9439 -3.6330
+1.1096 +1.7975 -1.8976
+2.3248 -1.2100 +3.5762
+2.4729 +0.5141 +4.3986
-1.2350 -2.8143 -5.5933
+0.9880 +2.6964 -6.0819
+0.4470 -1.1983 -0.1472
-1.0214 -0.0560 +0.6760
+2.9038 -0.4167 +7.9483
-0.6768 -0.0328 +0.7657
-1.6697 -1.2555 +2.1565
+1.8605 +2.3573 -1.8901
-0.7787 -0.1074 +2.2819
+2.4210 +1.2805 +3.8904
-0.2534 +2.7487 -7.7722
+2.3127 -0.2248 +4.6634
-1.8395 +2.0163 -1.4841
+2.3857 +1.0317 +3.4492
+1.8323 -2.8859 -6.4021
+0.7237 +1.8421 -3.2348
-1.2849 -2.0678 -2.1649
+2.3427 +1.6940 +4.1855
-0.8507 +0.4660 +0.4932
-1.6325 -1.0121 -0.0141
+1.1196 +1.5671 -0.3769
+2.2777 +0.9534 +3.4764
+1.7966 -1.8627 +0.5138
+1.3146 +2.8852 -6.4009
+2.4527 +1.7057 +2.6001
+2.3580 -0.2695 +5.1243
-1.0936 +0.8332 -0.0371
+0.5129 -2.7579 -6.7000
-1.3806 +0.5067 +0.9183
-2.6106 -2.6235 -0.3627
-0.7417 -2.2730 -5.2250
-0.5117 +1.0493 -1.4643
-0.1666 -2.8886 -7.5770
+2.5711 -1.4944 +5.5746
-2.9557 -0.3446 +8.2827
+2.1036 +2.6018 -2.1793
-2.2009 -2.5854 -0.8765
+2.0082 +2.0654 +0.5555
+2.4893 +1.7429 +2.6704
+2.0183 +1.9065 +1.2655
-2.7611 -1.9434 +3.9481
-2.7385 -2.9946 -2.7258
+2.8596 +2.9962 -1.1759
+0.3332 -2.1121 -5.2898
-2.1830 +2.4690 -0.7755
+2.5064 +0.5086 +6.7733
+1.3338 +0.5977 +2.3755
+1.2777 +2.8699 -6.8217
-0.3912 -2.5368 -6.8065
-2.5325 +0.9248 +5.2803
-2.6467 -2.3519 +1.5170
+2.2984 +2.6280 -2.3014
-2.3188 -1.6744 +2.9219
+2.9440 +2.5179 +3.2499
+0.7692 -0.1562 -1.1754
+1.7391 -0.0734 +3.8666
+2.8540 +1.6096 +6.4121
+0.8223 -2.3275 -5.9885
+1.3224 -2.2952 +0.6971
-2.1221 +2.1748 +0.6372
+0.4402 +0.3779 +0.3795
+1.1906 +2.0719 -4.4107
+2.6806 -2.6123 +0.5535
-2.7588 -2.5346 +1.2449
+2.8680 +0.2045 +8.7152
-0.7466 +0.6556 -0.3492
-2.2724 -0.6673 +3.6845
-1.2236 +1.0490 -0.7070
-2.0606 +2.8383 -3.5811
-2.7531 -2.3825 +1.1379
-2.0084 +2.9389 -4.3455
-1.4501 +1.1218 +2.4647
+1.0685 -0.7289 -1.0330
-1.2119 +1.4718 -0.9761
-2.5079 -2.8683 +0.2177
-0.5660 -1.0607 -0.3581
-2.5756 -2.4822 +2.2247
+0.0043 +2.7306 -7.3026
+1.1978 -1.9204 -0.6826
-0.8514 +1.0864 +0.5821
-2.5354 -1.8200 +4.2381
-2.5824 -0.1743 +5.4965
+0.2719 +2.1780 -3.2954
-2.8087 -2.1712 +3.2425
-1.3362 -0.5155 +1.0678
-1.1744 +2.9432 -6.4582
-0.8757 +2.4462 -5.7799
+2.9609 -1.2483 +6.0727
-2.0726 +2.1174 -0.0782
-2.9124 -2.2471 +4.4828
-1.8237 -2.8617 -5.2058
+0.8134 -2.9010 -7.1105
-1.3594 +0.3413 +3.1455
+1.0311 -2.2685 -4.1099
+0.2341 +1.2569 -1.6231
-2.7232 -0.2208 +6.6646
-0.7795 -2.5669 -6.5495
+0.4870 -2.5365 -6.3018
+1.1079 +0.0190 -1.2742
+2.1849 -0.1308 +4.9360
+2.1154 -0.8540 +5.5609
-0.1337 +0.6125 -0.2514
+1.1472 -1.1676 -0.0089
-2.7066 +1.1940 +5.2200
+1.5547 +2.2728 -2.1034
+0.6455 +1.7872 -3.0980
-1.9071 -0.9413 +4.6105
-0.6063 -0.9858 -0.1253
-1.0374 +0.8579 +0.9269
+2.0075 +0.1551 +4.3807
+1.3768 +0.5524 +1.1957
+1.2325 +0.5979 -1.3910
-2.1723 +2.1647 -0.4210
-1.9912 -1.3481 +2.8543
+0.2071 +1.0672 -3.0296
+2.5710 -2.1217 +2.5538
-2.7078 +0.6786 +7.3024
+0.4412 +1.3761 -1.1166
-1.9039 +1.7003 +0.9235
-2.6150 -2.2248 +2.1368
-1.9328 -2.4725 -2.7464
-2.7408 +0.8871 +7.8889
+2.8629 -0.4806 +6.5894
-2.0905 -1.2264 +1.7206
-1.5336 +1.2933 -0.3079
+0.7313 +0.6680 -0.8297
+2.9079 -1.3445 +7.3337
+0.7569 -0.6235 -0.0941
+1.4235 -0.8316 +2.1705
+1.9726 -1.3401 +0.7822
+1.1537 -1.7392 -2.1562
+1.5654 +0.1114 +1.6275
-1.5789 +1.4550 +0.4170
-2.3007 +1.2782 +3.8491
+1.5915 +0.2239 +2.6916
+0.1993 +1.5553 -3.0583
+0.3972 -2.5522 -5.1055
-2.5571 +2.7361 -1.2953
-0.0404 +0.9856 -0.1749
-0.8122 -0.8549 +1.6180
+1.1099 -1.1353 +1.2673
-2.3922 -1.0163 +3.3819
-2.2892 +2.8560 -1.1720
+2.0947 +0.8199 +3.5247
-2.5658 -0.3708 +7.1209
+2.3657 +0.6955 +5.2232
-0.6437 -0.7626 -0.1771
-1.9436 -2.9817 -5.0311
+0.2316 +1.0018 -0.4374
-1.7586 +0.5165 +3.6743
-0.5516 -2.3090 -5.9731
+0.1945 +1.9775 -5.5715
+0.6171 -0.6226 -0.4812
-2.8594 -1.4645 +4.6649
+0.6277 +1.1206 -1.8326
-1.0298 -1.7890 -1.0097
+1.6193 -2.4545 -2.8301
-0.5032 +0.6947 -1.0379
+0.0425 -2.6718 -7.8105
-1.7525 -1.9587 -1.3684
+0.0697 -1.7659 -3.6096
+1.4971 -2.4881 -4.2219
-0.6309 +2.2957 -4.8060
+2.7089 -1.1291 +6.9585
-1.7680 -2.8766 -5.4284
+1.1952 -2.5646 -7.0208
+2.9836 -1.1995 +7.4505
+2.7760 +1.3423 +5.6736
-0.5254 -1.0707 -1.4286
+1.0260 +2.5834 -4.8604
-1.3976 +0.8707 -0.7629
-0.3966 -2.7684 -8.6922
-2.6933 -2.7269 -1.0517
-2.7226 -1.1579 +7.5767
+1.7852 +2.6630 -4.8958
-0.5343 +1.6518 -2.9260
+2.3240 -1.4610 +3.6249
+0.7649 +2.7227 -6.7958
+0.4547 +1.3364 -3.8356
-2.2904 -0.5574 +4.9646
-0.8581 +1.6839 -2.6851
-2.1760 +1.6003 +2.4822
+0.2902 +0.8421 +0.1832
+2.5914 +1.6017 +4.2839
+0.2199 -1.3599 -2.5780
-0.6578 -1.6064 -4.6576
-1.4446 +0.8911 +1.4488
-0.7188 +2.8301 -7.0227
-1.6488 +1.2523 +1.3585
-1.3778 +2.2630 -4.9098
+0.0697 +2.3273 -6.2113
+2.3328 +2.9647 -5.1410
+1.5854 +0.7691 +1.9621
-0.0970 +2.2530 -5.9157
-0.0714 +2.6702 -6.9027
+1.4891 +0.3776 +1.3908
-1.4058 -1.0248 -0.5629
-2.0682 +1.6081 +0.2556
+1.0061 +1.4599 -0.5782
-0.1962 +2.7372 -6.9319
-2.0362 -1.0989 +2.4217
-0.2699 -2.7499 -9.0173
+1.3233 -1.3070 -0.9273
-1.6107 +0.7340 +2.3745
+2.1222 -2.8158 -3.9770
+0.1350 -0.3423 -1.0798
+2.9029 -0.8459 +8.5074
-2.3981 +2.8462 -2.2013
-0.2370 -0.1009 -0.9430
+0.1620 -1.4780 -3.7974
+0.8932 +1.3107 +0.5430
+0.6410 +0.5277 +0.6489
-0.4723 +0.9100 -1.5815
-2.5738 -0.8099 +6.1082
-2.8742 +0.4446 +7.7051
+2.6555 +2.5910 -1.2011
+1.2807 +0.1848 +1.4592
+1.6761 -1.5993 -0.2729
-1.2621 -0.9480 +0.8053
-0.3102 +2.2983 -6.1905
+1.7855 +0.0879 +3.4273
+0.1121 -1.9363 -3.6310
-0.7816 +1.1144 -0.0671
+2.2952 +0.6446 +4.1685
+1.2720 +1.7503 -0.1929
+0.9960 +1.9993 -3.2118
+1.0945 +2.2218 -1.5897
+2.2531 +2.5083 -0.9511
+1.5054 -2.9367 -6.3388
+0.3219 -2.4324 -6.5719
+2.1616 -0.1990 +5.6678
-2.9195 -0.8743 +9.5917
+1.8726 +1.8402 +0.6480
+2.5521 +0.7538 +5.6892
+1.3092 -2.4075 -3.9911
-1.1718 -2.3353 -2.6279
+0.5857 -0.2888 -0.1311
-1.8351 +1.2131 +1.9527
+1.9872 -1.9998 -0.5923
+2.1652 -1.2344 +3.7777
+1.9085 +0.7500 +3.4464
+0.0979 -0.3588 +0.2428
+2.2277 +0.5440 +4.9145
+1.7666 +2.7818 -4.9038
-1.9507 -1.4853 +1.9757
+0.8239 -1.9117 -3.2613
-2.1094 +2.6713 -4.2832
+2.3432 +2.2846 +1.0781
-1.4722 +0.1522 +1.2111
-0.0743 -2.7819 -6.8736
-2.7957 -2.0598 +3.8984
-0.5985 -1.9734 -2.8095
-2.7317 -0.4639 +7.0952
+1.6197 -2.8067 -7.2665
+0.6620 -0.9270 -0.6415
+2.8325 +1.4401 +4.4241
+2.3191 +1.6794 +3.6161
+0.8432 -2.6166 -5.6110
-0.4480 -2.6408 -8.6800
+2.6601 +0.6515 +7.2351
-1.9115 -1.4487 +1.4467
-0.9456 +0.8632 -2.3345
-1.2971 +2.6637 -6.1371
-1.3289 +2.1806 -3.5907
+0.2809 -2.2963 -4.8767
-0.9047 -1.1619 -0.4640
+2.9489 -0.4871 +6.4172
+0.7927 -0.9102 +0.6882
+2.0575 -0.0618 +3.5071
+0.1200 +2.2152 -4.5304
-1.7091 -0.4840 +1.8485
+1.0954 +0.7109 +1.4142
+1.0555 +2.7819 -6.6868
-1.4397 -1.2802 -0.6830
+2.0689 -0.1697 +3.0252
-2.9631 +2.3757 +3.7474
+2.3325 -0.6975 +5.4255
-0.6755 +2.7931 -7.8491
-0.9873 -2.2593 -3.5887
+1.0472 -1.4321 +0.4208
-1.9773 +1.0724 +2.5774
-2.5471 +2.9508 -3.5519
-1.5984 -0.8133 +3.0921
+2.6128 +0.7247 +5.7461
-2.9424 +2.5463 +1.9669
-1.0289 -2.1580 -5.0832
-1.4678 +0.3607 +2.5389
+1.5687 +0.2549 +2.7000
-0.0962 +1.5349 -2.9998
+2.5862 -0.0598 +6.9855
-2.4231 -2.1635 +0.8007
+2.5984 +2.6275 -0.8122
+1.3873 +0.6478 -0.1365
+2.2527 +1.7160 +3.0576
+1.3480 +0.2962 +1.8681
+1.3421 -0.8622 +2.7195
+2.1387 +1.8211 +2.4493
+0.2821 -2.6311 -7.2532
-0.5695 -0.1783 +0.9231
-1.9493 +0.5735 +2.6191
-2.7956 -1.2755 +6.3130
-2.1031 +0.3085 +5.9932
-2.1858 -1.9073 +1.3933
+2.7306 -1.4430 +5.8302
+0.1310 -1.6010 -3.5141
-2.8531 +1.2973 +6.2128
-0.8073 -0.1702 +0.4306
-2.9122 -1.8880 +5.4762
+0.3348 +1.0626 -1.8694
+0.8672 +2.6853 -7.1450
-0.8262 +2.1723 -2.1409
+1.5053 +1.1886 +2.5746
+2.0627 +2.3462 -0.2653
+1.1825 -2.6255 -5.9534
-1.8611 +0.3801 +2.6215
+0.3301 +2.8162 -8.0679
+0.3943 +1.8632 -1.9439
+0.7868 -2.4548 -4.5536
-0.8463 -0.1531 +1.4829
-2.1159 -0.2046 +5.0334
+0.5258 +1.7839 -1.6820
+0.9503 +2.1039 -3.7146
+2.1594 -2.6134 -1.4984
+2.5632 -0.4321 +4.8862
+0.7628 -1.2949 -2.2492
-1.2443 -0.0423 +1.1490
+2.6650 -0.3991 +7.5674
+2.7723 +2.6333 +0.3964
+1.6855 -0.4849 +3.3640
-0.6711 +1.6797 -1.7163
-0.5830 -2.5899 -5.5176
+2.2071 -1.1464 +3.1705
+1.0158 +1.6257 -0.7146
+1.1633 +2.8216 -6.8399
+0.0558 +2.6168 -6.4437
-2.7231 -0.2567 +4.9953
+0.2238 +0.5449 +0.3490
-1.6416 +1.8601 -0.7632
+2.3732 +2.6878 -0.8680
-0.7945 +2.9586 -8.2076
-0.6950 -1.4639 -0.9629
+1.2648 -2.8142 -5.5746
-1.7936 -2.2095 -2.3463
-1.0704 +2.3662 -4.6741
-2.2022 +2.8478 -5.4669
+1.5359 +1.9325 -1.2479
-0.1557 +2.6116 -7.0163
+0.6241 +2.4172 -4.2635
-1.0237 +2.7614 -6.2745
+2.8794 -0.5757 +7.6433
-2.0220 +2.8455 -5.2906
-1.5536 +1.7984 -0.1233
+2.6517 -2.8573 -1.4641
+1.3580 -2.6201 -5.0447
+0.1428 +2.1343 -4.7678
-2.5154 -1.7282 +2.7379
+1.7068 +1.2224 +1.8019
+1.5666 +0.0947 +3.6361
-1.3580 -0.9500 +0.2701
+1.3072 +2.9288 -6.7422
-1.1451 -1.6075 -0.8187
-1.0682 -2.5632 -5.8185
-1.9469 +1.9532 +1.0078
-2.3262 -2.0573 +1.8075
+2.0391 -1.5658 +1.8526
+2.6692 -1.2214 +5.5120
-1.9092 -0.5756 +2.6994
-2.9596 -0.4620 +7.5195
+0.2780 +2.8657 -7.4504
+1.3172 -0.6850 +0.9635
-0.7737 -0.5021 +0.9546
-1.6142 -1.9715 -2.4457
-1.9379 +1.7398 +0.2475
+2.9570 +0.0701 +10.5654
-1.2948 +0.5508 +2.4826
-2.0083 +0.3900 +4.0402
-1.1005 +1.5849 -0.2649
+2.8301 +2.9026 +0.1449
-2.6184 -1.7970 +4.6556
-1.5353 +2.7703 -5.6617
+1.4835 -2.0173 -4.0067
-2.8402 -0.9385 +6.7907
-1.4663 +2.0357 -1.9970
+2.6783 -1.4263 +5.0621
+1.8194 -1.1131 +3.2446
-0.4475 -2.9974 -9.4274
+0.8519 -2.6264 -5.9375
-0.0463 -2.0747 -5.4815
+2.1540 -1.8264 +2.3368
-0.2391 +0.2759 -1.1709
-0.7437 -2.1904 -2.7981
-1.7673 +0.1650 +3.8518
-2.4887 +2.2582 -0.2416
+1.9245 -2.4343 -1.5313
-2.5258 -0.1516 +8.1543
-2.7876 +2.9572 -1.1363
-2.4055 +0.1672 +6.5878
+0.0334 +0.4439 -0.1855
-0.6735 +0.2040 +0.8118
-0.5164 -2.4808 -5.0120
-2.2986 +2.5663 +0.3827
-0.5512 +1.1183 +1.6304
+2.0865 -2.3017 -2.1750
-2.1943 +0.9065 +3.1392
-1.2214 -0.0843 +1.3481
-0.3955 -0.9804 -0.4290
+1.5124 +1.4946 -0.5347
-1.9617 -0.2994 +5.1453
+2.3337 +2.6714 -2.8153
-0.6494 +2.0367 -5.3612
-0.9263 -2.1569 -3.5061
+1.4211 -0.2174 +0.2023
-2.7936 -0.1306 +8.2568
-1.4987 -0.4355 +1.9921
-1.0047 +1.2869 -2.3156
-2.3335 +0.2703 +4.8007
-0.7448 -0.2713 +0.8722
+0.8976 +0.0301 +1.8548
+0.2888 +1.2614 -0.6329
-0.7585 +1.3809 -1.8141
+1.1117 -1.0941 +0.0076
+0.8326 -0.2602 -0.3696
-0.8450 +1.0386 +1.6451
-1.9745 -2.0062 -0.5180
-1.1141 +2.2400 -2.9446
-1.6975 -0.0343 +3.9435
+2.6342 -2.7600 -1.5713
+0.6188 +1.1323 -0.3001
-1.7183 +2.8298 -4.0915
-1.5862 +0.0745 +3.9304
+0.3216 +0.0174 +0.8848
+1.8618 +0.6178 +4.9571
-0.1295 -0.9163 +0.3808
+2.1596 -0.4654 +3.8878
-2.5900 -2.0197 +3.2317
+1.2860 -1.4928 -1.6860
+0.1853 +2.2223 -6.8603
-2.5099 -2.0448 +3.9772
+2.7801 +2.5367 +1.5154
+2.6354 -1.0361 +5.6049
-1.0075 -0.6442 +0.8875
+2.4137 -2.1510 +2.0157
+0.1146 -1.4182 -3.4327
-1.3733 -2.5610 -3.5032
-0.6351 -2.6564 -6.3580
-0.2437 +1.2456 -1.0246
-1.2678 -0.9544 +1.6290
-2.5286 +2.6957 -0.5853
-2.5585 +1.6153 +3.2523
+0.9646 -1.9553 -3.8247
-2.3740 -1.4722 +4.9818
-1.6441 -0.3018 +3.0033
-0.9891 -2.0099 -3.4447
+0.9391 -2.6420 -6.7443
-1.5048 +1.6249 +0.2388
+2.2937 +1.7640 +3.6330
+1.4079 -2.1021 -1.7111
+2.0331 -2.6509 -2.9436
-1.0584 +0.5526 +0.5103
+1.9849 +2.0308 +2.0468
-1.7276 -2.7309 -7.1694
-1.5390 +0.2254 +1.7050
+2.5707 +1.6799 +3.4715
-0.5465 +2.3359 -6.1983
-1.1015 -0.5937 +0.9765
+2.5926 -2.6932 +0.8786
-1.7133 +2.3003 -2.0724
+0.7107 -0.6605 -1.5167
+0.7400 -1.6316 -3.5353
-0.5579 -2.1854 -4.6662
-1.2483 +2.3646 -3.3462
-0.1424 +2.8237 -7.0895
+0.6679 +1.4017 -2.3359
-1.7543 +2.5214 -2.6545
-2.0846 +1.3480 +1.9126
+1.2401 -2.5565 -7.0218
+0.5467 +0.6165 +0.3924
+2.0682 +0.3387 +3.9307
+2.3975 +1.6802 +4.0526
-2.7494 +1.0421 +5.1733
+0.2353 +0.0411 +0.2945
+2.0274 -0.3990 +4.0397
+0.2546 +2.3835 -6.2484
-1.0249 +2.2136 -5.2237
-2.9941 -1.7413 +6.4742
+1.6662 +0.2183 +2.6119
+0.0404 +1.5336 -0.8663
-1.9921 -0.1772 +3.0186
-1.2581 +2.0423 -1.6322
-1.7960 -2.9813 -7.8000
+0.7860 -2.3786 -4.0308
-1.8382 +0.0090 +2.6512
-0.8453 +0.6191 +0.5071
+1.6570 +2.8509 -4.9738
+0.6236 -1.0681 -0.4144
-1.3722 -0.2413 +0.8342
+1.2451 +1.4562 +0.0382
-1.3246 -2.6443 -4.7283
+2.4974 +0.5048 +6.0166
-2.1298 -0.3003 +4.7017
-2.6972 -0.6424 +5.9140
-0.4287 -1.3283 -1.7023
+0.1321 -2.2184 -4.9143
-2.8883 +2.7510 -0.7276
+0.7449 +1.8998 -3.5434
+0.0603 +0.4085 +0.5281
-2.3794 +0.2986 +5.4474
+0.9104 +2.2816 -4.3427
-0.5003 -1.2329 -2.5152
-1.5818 +2.0239 -0.7363
+1.2801 +2.5558 -5.5321
-0.3544 +0.4801 -0.4506
-1.8563 -0.2551 +2.1263
+0.8567 -0.4021 +0.9167
+1.2043 +1.8692 -2.2365
+1.6556 +2.7413 -5.9002
-2.7649 -1.7606 +5.3705
+1.2949 -2.7022 -5.6009
-0.3666 +0.7180 -0.6379
+2.7996 +2.2426 +3.8339
+0.9420 +1.0932 -0.7458
+2.2785 -2.1910 -0.3703
+0.6140 -2.3238 -3.0089
+0.2304 -2.6426 -6.8305
+0.7949 +2.2545 -3.3142
+0.9162 +1.4741 -0.4989
+0.2554 -0.6774 -1.9428
-0.2154 -0.0929 -0.2269
-2.3149 -1.4530 +3.2929
+0.3367 +0.6682 -0.9332
+0.2367 +2.4494 -5.6842
-1.2153 +1.8063 -0.6214
-0.7188 +1.9238 -3.7424
+2.6987 -1.0972 +6.0412
+0.2656 -0.0602 -0.0442
-2.2346 -2.9948 -3.9207
-2.3972 +1.5382 +2.8480
-2.6946 -1.8964 +4.3903
-1.2512 -1.8238 -3.1873
+2.7541 -0.0766 +6.6887
-0.4789 -1.6013 -3.5224
+0.2234 +1.2007 -1.2029
-2.8777 +0.3994 +8.9104
+1.9632 -2.1989 -0.0358
+0.7664 +0.7923 +1.0979
-2.0092 -1.2150 +1.3114
-1.8576 +1.8228 +0.0729
+1.2496 +1.1000 +1.2027
-0.8319 -0.2860 +0.4832
-0.1285 -1.8678 -2.8917
+0.5292 -1.9899 -3.0077
+0.5583 +2.9133 -8.2549
-2.5724 -0.5624 +5.7082
-1.0285 +0.3153 +0.5053
+0.7458 +0.1398 +1.9292
+0.0155 +1.9711 -3.7051
+2.2815 -1.6750 +1.9077
+1.4939 -0.1248 +1.5422
-1.8544 -2.3971 -1.2978
-0.8607 -2.6058 -7.1800
+0.8480 -1.7339 -1.7689
+0.6171 -1.1968 +1.0749
-1.6995 +0.7206 +2.4223
-1.5460 +2.3701 -4.2729
-1.5525 -2.6642 -6.4652
-1.6368 -0.6724 +3.0492
-0.6000 -0.6710 -1.2205
+0.0241 -1.4648 -1.8749
+0.6799 -0.3308 +2.1457
+2.0026 +0.6275 +4.0653
+1.3240 -0.5942 +1.2390
+2.9155 +2.3238 +2.9651
+2.0348 -0.9304 +4.1519
+2.3164 +1.1288 +3.4913
-1.0728 -1.3180 -0.8615
-2.5804 +1.6276 +4.9440
+0.9924 +2.0658 -2.0051
-2.8261 -1.9386 +3.7786
+1.7706 -1.7912 +1.0540
-2.7133 +1.6495 +4.9360
-2.7123 +0.4309 +5.7245
+2.8691 -1.8767 +4.8786
-0.2100 +0.1862 +0.0852
-2.6429 -1.4747 +4.6935
+2.2385 +2.5707 -1.4514
-2.8108 +1.2394 +8.0152
+2.3092 -0.7801 +4.6669
+1.0666 +0.2239 +1.6472
+1.6931 +1.9449 +0.7119
+1.3023 -0.5088 +1.0080
-1.3314 -2.3016 -5.1247
-2.8357 +2.4076 +1.0226
+2.3067 -1.2516 +2.3162
-0.3001 -2.7317 -6.4344
-1.2511 -0.3677 +2.9625
+0.8821 -0.2917 +0.4927
+1.1245 -2.6348 -4.0164
+2.5616 +2.7376 -1.3182
-0.1393 +0.4619 +0.5496
+1.5765 +0.9202 +2.1774
+1.1119 -0.6819 +0.0422
-1.3659 +1.0336 +0.6448
+2.9392 -2.3129 +4.0853
-2.0615 +0.1275 +2.8877
+0.0807 +0.1066 -0.0815
-2.6730 +0.0830 +6.3242
-1.9120 +0.7571 +2.2509
-2.1188 -0.4541 +4.8846
+2.4058 -1.4795 +2.6440
+2.3312 +1.0516 +5.5797
+2.0071 -1.1552 +3.0095
+2.8034 +0.7420 +6.6445
+0.0509 +1.7031 -4.2329
+1.2286 -1.7187 -0.7421
+0.1929 -2.2851 -4.8649
-0.9932 -0.0237 -0.1122
-0.7857 -1.2169 -0.3653
+0.8279 -2.9398 -8.2998
+2.2188 +0.8378 +5.7977
+0.7730 +0.0240 +1.1574
-1.2350 +0.6562 +0.2920
-1.7809 +1.1330 +1.7875
-0.8608 -2.3663 -3.3971
+2.0999 +2.8773 -2.6561
+2.3441 -1.6639 +2.2943
+1.5698 +1.0781 -0.1744
+1.8973 -2.6238 -2.1796
+0.4616 -2.7289 -7.9870
-1.0677 +1.1450 +1.8829
+1.1975 +1.6401 -2.4821
+1.9241 -0.5577 +2.9611
+2.1800 +1.2715 +4.7287
-0.0819 +1.5708 -2.2092
-0.7697 -1.9288 -2.0550
+1.1803 -1.2635 +1.0356
-2.1166 -1.7759 -0.6464
+1.7308 -0.9928 +1.2370
-2.7784 -1.3517 +6.5734
+2.3562 +0.9208 +5.1743
-2.9869 +2.0552 +4.1611
-2.4658 +0.7633 +4.4534
+2.3696 -2.1102 +1.3016
-2.8649 +2.9500 +0.2646
+1.3451 -1.0351 +1.3993
+2.4103 -1.0458 +3.5678
-0.5474 -2.0351 -4.4265
-1.9134 -1.2580 +3.1410
+1.9434 +1.2610 +3.1567
+0.9887 -0.1286 +1.3671
+2.6883 +1.7440 +3.7069
-1.5488 -0.0407 +3.2328
-1.7151 +0.6630 +2.2162
+1.5305 -2.3899 -5.2109
+0.8706 +1.8194 -4.0986
+1.5187 -0.8817 -0.4686
+1.9433 +0.3681 +3.7710
+0.0109 +1.9696 -2.9088
-2.9814 +2.1677 +4.7052
+1.5988 -1.6964 +0.0501
-2.2543 +2.6275 -2.8348
-2.4004 +1.7861 +3.2106
-2.4551 +0.3749 +4.7999
-0.9966 -1.8957 -3.2779
-2.6638 +1.1641 +6.3715
+1.8279 +1.5444 +1.4279
-2.0531 +0.8338 +2.2155
-0.7587 -1.1323 -0.8374
+0.9940 -1.4906 -1.6362
-1.1761 +0.5427 +0.8028
-1.0459 -2.6385 -6.6163
-0.8259 -2.2325 -4.8096
-1.0834 -2.0703 -3.4400
+2.9041 -0.3670 +9.3832
+1.4164 -1.7387 +0.2851
-0.9689 -2.1696 -3.7910
+2.4684 -2.6449 -0.4859
-2.2758 -0.5742 +5.5020
-2.1789 +1.3145 +2.2798
+1.0524 -0.6283 +1.5041
+1.0996 +2.9258 -7.1993
-1.9400 -2.3600 -3.1502
-2.3074 -1.5546 +3.1483
-0.0661 -0.7595 -0.4141
-0.4336 +1.6101 -2.9475
+2.2947 -1.1040 +2.9773
+1.4963 +1.0789 +0.1364
-1.0254 +2.4400 -5.6737
+1.4529 -1.9568 +1.1533
+1.8423 +1.9211 -1.4575
-1.4816 -2.0190 -2.2164
-0.4140 +1.5748 -2.0886
-0.0184 +2.7455 -6.5917
+0.4138 -1.2955 -2.4934
+2.6220 -2.9682 -3.6505
+1.0046 -0.6679 +0.3549
-2.2069 -1.3405 +1.0790
+2.9632 -2.8718 -1.1252
+1.3576 +2.9958 -6.0820
-1.0023 -2.7848 -6.6242
-1.7940 -2.0971 +0.3723
+2.2846 -2.4462 -1.9914
+0.2676 +2.2790 -5.5492
+0.2242 +2.6288 -6.4071
-1.8607 +1.6200 +2.0145
-0.7169 +1.1700 -0.5935
-0.5385 -0.6847 -0.4411
-0.6692 -2.1539 -5.3537
-0.6184 +0.8100 +0.2256
-1.7493 +1.2013 -0.0939
+0.6875 +1.7001 -1.7759
+2.6062 +2.7541 -0.5757
-0.2157 +1.2883 -1.2225
+1.6270 +1.4827 +0.5151
-0.7355 -2.7394 -5.1239
-2.4153 -2.1612 +2.4712
+1.7415 -2.5113 -1.7015
-1.7669 -1.4346 +0.0756
-1.6544 -0.8834 +2.5423
-2.8197 +2.0786 +2.5087
-0.4763 +2.5135 -5.9736
-0.0551 -2.4036 -5.6452
-2.3997 +1.5237 +3.7589
-2.6986 -2.9824 -0.9614
-2.5180 -2.0048 +3.0559
+2.8930 +1.4745 +6.3637
-0.6620 +2.2051 -3.7229
+0.9684 +0.0394 +0.0229
-0.0763 -2.7390 -6.8328
-1.9195 +0.3474 +5.1236
+2.0878 -1.3446 +1.6839
+2.4362 -1.9295 +3.1192
-0.6079 +1.2953 -1.8476
-1.7200 +2.1996 -1.1516
-1.7815 -0.6945 +1.7657
-0.9257 +0.1510 +1.7289
+0.8185 +2.5992 -6.5570
-2.0587 +2.0476 +1.0880
-0.7801 -0.6534 +0.4103
+2.8036 +0.4242 +7.7734
-2.3531 +0.2977 +5.9805
-2.7066 +2.6674 -0.4860
-1.7688 +2.7470 -5.2404
+0.6540 +0.2408 +0.2607
-2.0124 -0.9320 +3.4251
+2.8471 -2.0033 +3.9504
+1.3051 -0.3170 +1.4696
-1.2327 -2.0014 -3.4589
+2.2830 +2.7206 -1.5306
-2.4806 -1.4832 +4.0963
-1.5274 +2.0387 -2.3439
+0.2177 -2.0326 -3.8863
+1.1335 +0.0039 +2.0161
+0.7878 +0.5270 +0.4261
+2.8581 +0.3179 +8.6387
+0.0292 +2.8307 -6.9696
+0.4862 -1.3719 -0.7833
+1.4970 +0.1900 +2.2204
+2.2410 -2.4792 -3.5990
+2.8845 +2.3631 +3.2829
-0.8916 +1.9044 -4.4377
+2.8234 +2.3550 +2.1516
-2.0477 +0.6723 +3.4937
-0.3145 +2.0757 -3.2136
-0.5071 -0.3090 +0.5226
-2.1784 +2.2465 -0.7388
+1.4281 +1.8722 -1.6567
+0.5955 -0.2409 +0.9308
+1.3777 -0.5174 +0.1436
+0.8071 -2.4717 -3.5699
-2.3297 +2.9222 -4.0018
+0.9061 -0.2515 -0.2241
